   0.00000000       0.00000000    
  0.200000003       4.00000028E-02
  0.300000012       9.00000036E-02
  0.400000006      0.160000011    
  0.500000000      0.250000000    
  0.600000024      0.360000014    
  0.699999988      0.489999980    
  0.800000012      0.640000045    
  0.900000036      0.810000062    
   1.00000000       1.00000000    
   1.10000002       1.21000004    
   1.20000005       1.44000006    
   1.30000007       1.69000018    
   1.39999998       1.95999992    
   1.50000000       2.25000000    
   1.60000002       2.56000018    
   1.70000005       2.89000010    
   1.80000007       3.24000025    
   1.89999998       3.60999990    
   2.00000000       4.00000000    
   2.10000014       4.41000080    
   2.20000005       4.84000015    
   2.29999995       5.28999996    
   2.40000010       5.76000023    
   2.50000000       6.25000000    
   2.60000014       6.76000071    
   2.70000005       7.29000044    
   2.79999995       7.83999968    
   2.90000010       8.41000080    
   3.00000000       9.00000000    
   3.10000014       9.61000061    
   3.20000005       10.2400007    
   3.29999995       10.8899994    
   3.40000010       11.5600004    
   3.50000000       12.2500000    
   3.60000014       12.9600010    
   3.70000005       13.6900005    
   3.79999995       14.4399996    
   3.90000010       15.2100010    
   4.00000000       16.0000000    
   4.09999990       16.8099995    
   4.20000029       17.6400032    
   4.30000019       18.4900017    
   4.40000010       19.3600006    
   4.50000000       20.2500000    
   4.59999990       21.1599998    
   4.70000029       22.0900021    
   4.80000019       23.0400009    
   4.90000010       24.0100002    
   5.00000000       25.0000000    
   5.09999990       26.0099983    
   5.20000029       27.0400028    
   5.30000019       28.0900021    
   5.40000010       29.1600018    
   5.50000000       30.2500000    
   5.59999990       31.3599987    
   5.70000029       32.4900017    
   5.80000019       33.6400032    
   5.90000010       34.8100014    
   6.00000000       36.0000000    
   6.09999990       37.2099991    
   6.20000029       38.4400024    
   6.30000019       39.6900024    
   6.40000010       40.9600029    
   6.50000000       42.2500000    
   6.59999990       43.5599976    
   6.70000029       44.8900032    
   6.80000019       46.2400017    
   6.90000010       47.6100006    
   7.00000000       49.0000000    
   7.09999990       50.4099998    
   7.20000029       51.8400040    
   7.30000019       53.2900009    
   7.40000010       54.7600021    
   7.50000000       56.2500000    
   7.59999990       57.7599983    
   7.70000029       59.2900047    
   7.80000019       60.8400040    
   7.90000010       62.4099998    
   8.00000000       64.0000000    
   8.10000038       65.6100082    
   8.19999981       67.2399979    
   8.30000019       68.8899994    
   8.40000057       70.5600128    
   8.50000000       72.2500000    
   8.60000038       73.9600067    
   8.69999981       75.6899948    
   8.80000019       77.4400024    
   8.90000057       79.2100067    
   9.00000000       81.0000000    
   9.10000038       82.8100052    
   9.19999981       84.6399994    
   9.30000019       86.4900055    
   9.40000057       88.3600082    
   9.50000000       90.2500000    
   9.60000038       92.1600037    
   9.69999981       94.0899963    
   9.80000019       96.0400009    
   9.90000057       98.0100098    
   10.0000000       100.000000    
